74916691968.0000  .0000
74910982144.0000  1307575040.0000
74893860864.0000  2615349248.0000
74865319936.0000  3923522048.0000
74825334784.0000  5232292864.0000
74773880832.0000  6541861376.0000
74710933504.0000  7852428288.0000
74636443648.0000  9164195840.0000
74550370304.0000  10477363200.0000
74452656128.0000  11792133120.0000
74343260160.0000  13108712448.0000
74222092288.0000  14427301888.0000
74089095168.0000  15748110336.0000
73944170496.0000  17071343616.0000
73787252736.0000  18397212672.0000
73618210816.0000  19725924352.0000
73436954624.0000  21057691648.0000
73243385856.0000  22392729600.0000
73037357056.0000  23731255296.0000
72818761728.0000  25073489920.0000
72587452416.0000  26419646464.0000
72343265280.0000  27769954304.0000
72086061056.0000  29124634624.0000
71815684096.0000  30483920896.0000
71531945984.0000  31848042496.0000
71234658304.0000  33217234944.0000
70923632640.0000  34591731712.0000
70598664192.0000  35971784704.0000
70259539968.0000  37357625344.0000
69906038784.0000  38749511680.0000
69537923072.0000  40147701760.0000
69154947072.0000  41552441344.0000
68756832256.0000  42963996672.0000
68343324672.0000  44382629888.0000
67914149888.0000  45808623616.0000
67468988416.0000  47242244096.0000
67007541248.0000  48683778048.0000
66529480704.0000  50133508096.0000
66034466816.0000  51591720960.0000
65522163712.0000  53058740224.0000
64992165888.0000  54534840320.0000
64444125184.0000  56020357120.0000
63877615616.0000  57515597824.0000
63292231680.0000  59020886016.0000
62687522816.0000  60536565760.0000
62063042560.0000  62062964736.0000
61418311680.0000  63600435200.0000
60752834560.0000  65149353984.0000
60066091008.0000  66710056960.0000
59357540352.0000  68282941440.0000
58626629632.0000  69868388352.0000
57872748544.0000  71466795008.0000
57095311360.0000  73078562816.0000
56293666816.0000  74704101376.0000
55467143168.0000  76343853056.0000
54615052288.0000  77998243840.0000
53736665088.0000  79667740672.0000
52831227904.0000  81352818688.0000
51897946112.0000  83053920256.0000
50935992320.0000  84771569664.0000
49944506368.0000  86506266624.0000
48922599424.0000  88258510848.0000
47869313024.0000  90028892160.0000
46783672320.0000  91817926656.0000
45664645120.0000  93626204160.0000
44511178752.0000  95454298112.0000
43322122240.0000  97302839296.0000
42096316416.0000  99172458496.0000
40832536576.0000  101063786496.0000
39529484288.0000  102977527808.0000
38185816064.0000  104914354176.0000
36800139264.0000  106875002880.0000
35370950656.0000  108860203008.0000
33896716288.0000  110870757376.0000
32375808000.0000  112907436032.0000
30806542336.0000  114971066368.0000
29187102720.0000  117062541312.0000
27515633664.0000  119182721024.0000
25790173184.0000  121332539392.0000
24008634368.0000  123512963072.0000
22168854528.0000  125724991488.0000
20268546048.0000  127969656832.0000
18305323008.0000  130248015872.0000
16276629504.0000  132561223680.0000
14179815424.0000  134910435328.0000
12012088320.0000  137296822272.0000
9770467328.0000  139721719808.0000
7451845120.0000  142186397696.0000
5052936704.0000  144692248576.0000
2570285056.0000  147240665088.0000
189927.1719  149833187328.0000
-2661207296.0000  152471371776.0000
-5417986048.0000  155156807680.0000
-8274519552.0000  157891248128.0000
-11235379200.0000  160676413440.0000
-14305429504.0000  163514236928.0000
-17489805312.0000  166406602752.0000
-20794017792.0000  169355591680.0000
-24223852544.0000  172363350016.0000
-27785457664.0000  175432105984.0000
-31485427712.0000  178564218880.0000
-35330723840.0000  181762162688.0000
-39328768000.0000  185028558848.0000
-43487444992.0000  188366094336.0000
-47815258112.0000  191777701888.0000
-52321161216.0000  195266363392.0000
-57014767616.0000  198835290112.0000
-61906419712.0000  202487873536.0000
-67007082496.0000  206227636224.0000
-72328544256.0000  210058330112.0000
-77883383808.0000  213983887360.0000
-83685253120.0000  218008567808.0000
-89748684800.0000  222136762368.0000
-96089268224.0000  226373156864.0000
-102723960832.0000  230722781184.0000
-109670858752.0000  235190894592.0000
-116949532672.0000  239783084032.0000
-124581265408.0000  244505444352.0000
-132588756992.0000  249364168704.0000
-140996837376.0000  254366089216.0000
-149832531968.0000  259518545920.0000
-159124717568.0000  264829059072.0000
-168905244672.0000  270305984512.0000
-179208683520.0000  275958202368.0000
-190072422400.0000  281795035136.0000
-201537552384.0000  287826608128.0000
-213649195008.0000  294063964160.0000
-226456141824.0000  300518604800.0000
-240012689408.0000  307203309568.0000
-254377754624.0000  314131513344.0000
-269616709632.0000  321317896192.0000
-285801873408.0000  328778612736.0000
-303012282368.0000  336530472960.0000
-321336246272.0000  344592285696.0000
-340871905280.0000  352984465408.0000
-361727492096.0000  361728868352.0000
-384024444928.0000  370849579008.0000
-407898816512.0000  380373204992.0000
-433501634560.0000  390328156160.0000
-461004013568.0000  400746348544.0000
-490598432768.0000  411662581760.0000
-522501357568.0000  423114997760.0000
-556959399936.0000  435146293248.0000
-594252529664.0000  447803260928.0000
-634699317248.0000  461138067456.0000
-678666174464.0000  475209105408.0000
-726571876352.0000  490081058816.0000
-778901782528.0000  505827098624.0000
-836217602048.0000  522529046528.0000
-899171942400.0000  540279570432.0000
-968529149952.0000  559183429632.0000
-1045188444160.0000  579360260096.0000
-1130209738752.0000  600946245632.0000
-1224854339584.0000  624097951744.0000
-1330632720384.0000  648996388864.0000
-1449359310848.0000  675851272192.0000
-1583236775936.0000  704906788864.0000
-1734958907392.0000  736450772992.0000
-1907837894656.0000  770821521408.0000
-2106003292160.0000  808424046592.0000
-2334629560320.0000  849741611008.0000
-2600303067136.0000  895362859008.0000
-2911478480896.0000  946003705856.0000
-3279167684608.0000  1002550394880.0000
-3717935923200.0000  1066110615552.0000
-4247359062016.0000  1138086772736.0000
-4894234771456.0000  1220282023936.0000
-5696074022912.0000  1315056910336.0000
-6706634948608.0000  1425555456000.0000
-8005140611072.0000  1556061618176.0000
-9712371236864.0000  1712578101248.0000
-12019816202240.0000  1903780954112.0000
-15245726711808.0000  2142685233152.0000
-19950815150080.0000  2449698979840.0000
-27200099188736.0000  2858912317440.0000
-39222828335104.0000  3431652130816.0000
-61355562369024.0000  4290545451008.0000
-109169017356288.0000  5721576964096.0000
-245769453961216.0000  8583092109312.0000
-983334909902848.0000  17166571143168.0000
-Inf  Inf
-984105051226112.0000  -17175023714304.0000
-245841646321664.0000  -8584365604864.0000
-109192790671360.0000  -5722267975680.0000
-61364592705536.0000  -4290864218112.0000
-39227148468224.0000  -3431829864448.0000
-27202777251840.0000  -2859054137344.0000
-19952583049216.0000  -2449813274624.0000
-15246763753472.0000  -2142752342016.0000
-12020640382976.0000  -1903848980480.0000
-9712951099392.0000  -1712629481472.0000
-8005563711488.0000  -1556101857280.0000
-6706953191424.0000  -1425587568640.0000
-5696332496896.0000  -1315086270464.0000
-4894447108096.0000  -1220308631552.0000
-4247528407040.0000  -1138108923904.0000
-3718078791680.0000  -1066131062784.0000
-3279284862976.0000  -1002568024064.0000
-2911579144192.0000  -946020155392.0000
-2600384331776.0000  -895376162816.0000
-2334700863488.0000  -849754128384.0000
-2106064109568.0000  -808435187712.0000
-1907890061312.0000  -770831417344.0000
-1735005569024.0000  -736460210176.0000
-1583277408256.0000  -704915243008.0000
-1449396011008.0000  -675859398656.0000
-1330665881600.0000  -649004253184.0000
-1224882913280.0000  -624104701952.0000
-1130235166720.0000  -600952471552.0000
-1045211774976.0000  -579366223872.0000
-968549990400.0000  -559188869120.0000
-899191209984.0000  -540284911616.0000
-836234969088.0000  -522534027264.0000
-778917576704.0000  -505831718912.0000
-726586556416.0000  -490085613568.0000
-678679609344.0000  -475213430784.0000
-634711506944.0000  -461141999616.0000
-594263932928.0000  -447807094784.0000
-556969754624.0000  -435149832192.0000
-522511056896.0000  -423118471168.0000
-490607411200.0000  -411665858560.0000
-461012336640.0000  -400749461504.0000
-433509302272.0000  -390331105280.0000
-407905959936.0000  -380375990272.0000
-384031129600.0000  -370852265984.0000
-361733718016.0000  -361731424256.0000
-340877737984.0000  -352986923008.0000
-321341718528.0000  -344594644992.0000
-303017426944.0000  -336532766720.0000
-285806690304.0000  -328780775424.0000
-269621329920.0000  -321320091648.0000
-254382047232.0000  -314133544960.0000
-240016719872.0000  -307205275648.0000
-226460139520.0000  -300520570880.0000
-213652602880.0000  -294065668096.0000
-201540993024.0000  -287828410368.0000
-190075633664.0000  -281796706304.0000
-179211796480.0000  -275959906304.0000
-168908324864.0000  -270307704832.0000
-159127666688.0000  -264830746624.0000
-149835055104.0000  -259519987712.0000
-140999360512.0000  -254367580160.0000
-132591124480.0000  -249365594112.0000
-124583542784.0000  -244506836992.0000
-116951793664.0000  -239784509440.0000
-109672824832.0000  -235192156160.0000
-102725877760.0000  -230724026368.0000
-96091144192.0000  -226374385664.0000
-89750470656.0000  -222137974784.0000
-83687022592.0000  -218009796608.0000
-77885112320.0000  -213985099776.0000
-72330043392.0000  -210059395072.0000
-67008557056.0000  -206228717568.0000
-61907865600.0000  -202488938496.0000
-57016201216.0000  -198836371456.0000
-52322537472.0000  -195267428352.0000
-47816474624.0000  -191778652160.0000
-43488653312.0000  -188367060992.0000
-39329923072.0000  -185029492736.0000
-35331862528.0000  -181763112960.0000
-31486547968.0000  -178565152768.0000
-27786559488.0000  -175433039872.0000
-24224823296.0000  -172364201984.0000
-20794972160.0000  -169356443648.0000
-17490749440.0000  -166407454720.0000
-14306338816.0000  -163515072512.0000
-11236275200.0000  -160677265408.0000
-8275403776.0000  -157892083712.0000
-5418781184.0000  -155157577728.0000
-2661975808.0000  -152472125440.0000
-569784.4375  -149833957376.0000
2569533952.0000  -147241435136.0000
5052211200.0000  -144693002240.0000
7451192832.0000  -142187085824.0000
9769819136.0000  -139722407936.0000
12011448320.0000  -137297518592.0000
14179194880.0000  -134911115264.0000
16276016128.0000  -132561920000.0000
18304716800.0000  -130248720384.0000
20268011520.0000  -127970287616.0000
22168322048.0000  -125725630464.0000
24008110080.0000  -123513610240.0000
25789650944.0000  -121333186560.0000
27515127808.0000  -119183368192.0000
29186603008.0000  -117063180288.0000
30806087680.0000  -114971656192.0000
32375369728.0000  -112908017664.0000
33896280064.0000  -110871339008.0000
35370516480.0000  -108860801024.0000
36799713280.0000  -106875600896.0000
38185439232.0000  -104914894848.0000
39529107456.0000  -102978060288.0000
40832163840.0000  -101064335360.0000
42095955968.0000  -99173007360.0000
43321761792.0000  -97303396352.0000
44510822400.0000  -95454846976.0000
45664333824.0000  -93626695680.0000
46783356928.0000  -91818434560.0000
47869001728.0000  -90029400064.0000
48922292224.0000  -88259043328.0000
49944211456.0000  -86506782720.0000
50935721984.0000  -84772052992.0000
51897679872.0000  -83054403584.0000
52830965760.0000  -81353302016.0000
53736402944.0000  -79668240384.0000
54614794240.0000  -77998743552.0000
55466889216.0000  -76344344576.0000
56293437440.0000  -74704560128.0000
57095090176.0000  -73079013376.0000
57872531456.0000  -71467253760.0000
58626404352.0000  -69868855296.0000
59357327360.0000  -68283416576.0000
60065878016.0000  -66710536192.0000
60752646144.0000  -65149792256.0000
61418123264.0000  -63600881664.0000
62062858240.0000  -62063407104.0000
62687342592.0000  -60537012224.0000
63292051456.0000  -59021344768.0000
63877455872.0000  -57516015616.0000
64443969536.0000  -56020779008.0000
64992014336.0000  -54535270400.0000
65522003968.0000  -53059162112.0000
66034327552.0000  -51592163328.0000
66529337344.0000  -50133946368.0000
67007410176.0000  -48684179456.0000
67468857344.0000  -47242649600.0000
67914022912.0000  -45809037312.0000
68343205888.0000  -44383047680.0000
68756717568.0000  -42964418560.0000
69154824192.0000  -41552867328.0000
69537824768.0000  -40148094976.0000
69905940480.0000  -38749913088.0000
70259449856.0000  -37358030848.0000
70598565888.0000  -35972190208.0000
70923534336.0000  -34592145408.0000
71234568192.0000  -33217615872.0000
71531855872.0000  -31848429568.0000
71815602176.0000  -30484312064.0000
72085995520.0000  -29125033984.0000
72343191552.0000  -27770357760.0000
72587378688.0000  -26420054016.0000
72818704384.0000  -25073866752.0000
73037299712.0000  -23731638272.0000
73243328512.0000  -22393118720.0000
73436905472.0000  -21058084864.0000
73618161664.0000  -19726323712.0000
73787195392.0000  -18397579264.0000
73944137728.0000  -17071718400.0000
74089062400.0000  -15748490240.0000
74222059520.0000  -14427686912.0000
74343227392.0000  -13109102592.0000
74452631552.0000  -11792530432.0000
74550337536.0000  -10477728768.0000
74636410880.0000  -9164566528.0000
74710908928.0000  -7852807168.0000
74773864448.0000  -6542245888.0000
74825326592.0000  -5232683520.0000
74865311744.0000  -3923918848.0000
74893860864.0000  -2615716608.0000
74910982144.0000  -1307948672.0000
74916691968.0000  -379854.8438
