  -0.00000000       0.00000000    


 -0.643638909       3.48206878    


  -1.28727782       6.82201242    


  -1.93091667       10.0198298    


  -2.57455564       13.0755234    


  -3.21819472       15.9890919    


  -3.86183357       18.7605343    


  -4.50547266       21.3898525    


  -5.14911175       23.8770447    


  -5.79275036       26.2221107    


  -6.43638945       28.4250526    


  -7.08002806       30.4858685    


  -7.72366714       32.4045601    


  -8.36730576       34.1811256    


  -9.01094532       35.8155670    


  -9.65458393       37.3078804    


  -10.2982235       38.6580734    


  -10.9418621       39.8661346    


  -11.5855007       40.9320755    


  -12.2291384       41.8558884    


  -12.8727770       42.6375771    


  -13.5164156       43.2771416    


  -14.1600542       43.7745781    


  -14.8036919       44.1298904    


  -15.4473305       44.3430786    


  -16.0909691       44.4141426    


  -16.7346077       44.3430824    


  -17.3782463       44.1298943    


  -18.0218849       43.7745857    


  -18.6655216       43.2771492    


  -19.3091602       42.6375847    


  -19.9527988       41.8558998    


  -20.5964375       40.9320869    


  -21.2400761       39.8661499    


  -21.8837147       38.6580887    


  -22.5273533       37.3079033    


  -23.1709900       35.8155899    


  -23.8146286       34.1811562    


  -24.4582672       32.4045944    


  -25.1019058       30.4859066    


  -25.7455444       28.4250946    


  -26.3891830       26.2221584    


  -27.0328217       23.8770962    


  -27.6764584       21.3899097    


  -28.3200970       18.7605972    


  -28.9637356       15.9891615    


  -29.6073742       13.0755997    


  -30.2510128       10.0199127    


  -30.8946514       6.82210112    


  -31.5382900       3.48216438    


  -32.1819267       1.02541082E-04


